-0.0017018727958202362	 0.014497537165880203	 0.765556275844574	 0.12891539931297302	 -0.6924535036087036	 -0.650012195110321	 -0.27665480971336365
-0.03229466453194618	 -0.0853872001171112	 0.7423981428146362	 0.048237740993499756	 -0.6525747179985046	 -0.5454156994819641	 0.3323430120944977
0.03971261903643608	 0.04857489839196205	 0.5662612915039062	 0.10897674411535263	 0.7089529633522034	 0.46736225485801697	 0.5417040586471558
0.0037743858993053436	 -0.005770083516836166	 0.9569321870803833	 0.24130554497241974	 -0.6525683999061584	 -0.6662849187850952	 0.2241896688938141
0.004252683371305466	 0.012366268783807755	 0.6579275727272034	 0.15627296268939972	 0.6993955969810486	 0.7109538316726685	 -0.06398487091064453
0.012668248265981674	 -0.03779276832938194	 0.8297189474105835	 0.3943336009979248	 0.5938398838043213	 0.7095115780830383	 -0.11274397373199463
0.03846414014697075	 -0.019814159721136093	 0.7303310036659241	 0.2900673747062683	 0.638004720211029	 0.6683933138847351	 -0.22047580778598785
0.050935860723257065	 -0.05238666757941246	 0.6580817699432373	 0.1757083684206009	 0.6817098259925842	 0.6042290329933167	 -0.3736807703971863
-0.0049860067665576935	 0.008697252720594406	 0.7839077711105347	 0.5074925422668457	 -0.47854140400886536	 -0.685660183429718	 -0.12900884449481964
-0.1892441362142563	 -0.02362314984202385	 0.951998770236969	 0.30378854274749756	 0.34347811341285706	 0.3098139464855194	 0.23526093363761902
0.06650912761688232	 -0.0011072419583797455	 0.7151050567626953	 0.4905073642730713	 0.5129284262657166	 0.6643506288528442	 -0.26326775550842285
-0.016071457415819168	 -0.009736713021993637	 0.8819975852966309	 0.4636196494102478	 -0.5190287828445435	 -0.6791431307792664	 0.1373051553964615
0.009706195443868637	 -0.019548829644918442	 0.857306182384491	 0.3003353476524353	 0.6376660466194153	 0.6958698034286499	 -0.10401324927806854
0.011414598673582077	 -0.015124525874853134	 0.7459545135498047	 0.0527179017663002	 -0.7014089226722717	 -0.563717246055603	 0.41858819127082825
0.003577258437871933	 -0.010345693677663803	 0.8699499368667603	 0.1918802112340927	 0.6943334937095642	 0.7175968885421753	 -0.017659615725278854
-0.016216609627008438	 -0.023549530655145645	 0.984652042388916	 0.11402691155672073	 0.36695942282676697	 0.328643262386322	 0.06003246828913689
-0.019290026277303696	 -0.007626142352819443	 0.7679271101951599	 0.30776646733283997	 0.6345467567443848	 0.7088053822517395	 0.026360835880041122
-0.041235316544771194	 -0.03831636533141136	 0.8648039102554321	 0.12003875523805618	 -0.6892480254173279	 -0.6877687573432922	 -0.10605983436107635
-0.025106091052293777	 -0.0007440708577632904	 0.8492807745933533	 0.0820574015378952	 0.4841570258140564	 0.4521714150905609	 0.044362835586071014
-0.016619015485048294	 0.015556354075670242	 0.8228718042373657	 0.09661553800106049	 0.513970673084259	 0.47883492708206177	 0.07594023644924164
-0.029208462685346603	 0.03749072924256325	 0.8495135307312012	 0.23911575973033905	 0.6561206579208374	 0.6917366981506348	 0.04758414998650551
-0.01801997795701027	 -0.04527991637587547	 0.8457581996917725	 0.060213565826416016	 -0.692802369594574	 -0.6966313123703003	 0.08423208445310593
-0.05199394002556801	 -0.06013493612408638	 0.652674674987793	 0.036494240164756775	 0.4707990288734436	 0.45540982484817505	 0.09621872752904892
0.028547804802656174	 -0.04350933060050011	 0.7240248918533325	 0.22491455078125	 -0.6559476256370544	 -0.4743439853191376	 0.5075628161430359
-0.07593287527561188	 -0.06996530294418335	 0.8389394283294678	 0.49874335527420044	 -0.4103145897388458	 -0.5688444972038269	 0.2513275146484375
0.02734993025660515	 -0.031479839235544205	 0.7531797885894775	 0.3527705669403076	 -0.6086079478263855	 -0.6607074737548828	 -0.2392953485250473
-0.0012505464255809784	 -0.023223843425512314	 0.9028462767601013	 0.17332841455936432	 -0.6730850338935852	 -0.6957696676254272	 0.06069246307015419
-0.016360100358724594	 0.013448450714349747	 0.988632321357727	 0.10207078605890274	 0.6634988784790039	 0.6541645526885986	 0.08344899863004684
-0.00841670110821724	 0.029116187244653702	 0.7445962429046631	 0.5133635401725769	 -0.46967223286628723	 -0.693997323513031	 0.04409077763557434
-0.018399912863969803	 -0.05406942591071129	 0.8085811138153076	 0.11568430811166763	 -0.6771774888038635	 -0.47873634099960327	 0.5050243735313416
0.019396115094423294	 -0.01630505546927452	 0.8051822185516357	 0.15328848361968994	 0.695205807685852	 0.699790358543396	 -0.11229828000068665
0.0005590133368968964	 0.014546267688274384	 0.6368067860603333	 0.08190234750509262	 0.6024878621101379	 0.4594389796257019	 0.46435248851776123
0.003974836319684982	 -0.03770801052451134	 0.9466543197631836	 0.29642361402511597	 -0.6289640069007874	 -0.6673223972320557	 0.2135893702507019
-0.09642502665519714	 0.03609795495867729	 0.9347083568572998	 0.19666500389575958	 0.47193142771720886	 0.4111369550228119	 0.23293930292129517
0.008468355983495712	 -0.014014389365911484	 0.8024631142616272	 0.47193464636802673	 0.527481734752655	 0.692750096321106	 0.15824276208877563
-0.03722100332379341	 -0.020203854888677597	 0.7614196538925171	 0.3572854697704315	 -0.593137264251709	 -0.5714411735534668	 0.4052639901638031
0.003323446959257126	 -0.014014508575201035	 0.8853263854980469	 0.12541218101978302	 -0.683130145072937	 -0.6498978734016418	 0.2531038820743561
-0.08063702285289764	 -0.061688896268606186	 0.916503369808197	 0.05744700878858566	 -0.6845739483833313	 -0.6686451435089111	 0.04325445741415024
-0.008367795497179031	 0.026586953550577164	 0.8937369585037231	 0.0731518566608429	 0.635181725025177	 0.6185717582702637	 0.06073317676782608
0.021163176745176315	 -0.05978831276297569	 0.7025386095046997	 0.1706952601671219	 -0.5932280421257019	 -0.4153044819831848	 0.5155043601989746
0.004166390746831894	 -0.051319386810064316	 0.7576349973678589	 0.18128934502601624	 -0.6364914774894714	 -0.4424089789390564	 0.5178530216217041
-0.05662668123841286	 -0.09605744481086731	 0.8398611545562744	 0.06778677552938461	 -0.6873884201049805	 -0.6892628073692322	 -0.03816232457756996
0.03946245089173317	 -0.039891619235277176	 0.6759783029556274	 0.21489982306957245	 -0.6773861050605774	 -0.5864500999450684	 -0.39383864402770996
-0.011365670710802078	 -0.04891836270689964	 0.9026347398757935	 0.1496592015028	 0.2516157925128937	 0.20339460670948029	 0.06318597495555878
0.013451781123876572	 -0.0175471268594265	 0.7200397253036499	 0.1580369919538498	 -0.668897807598114	 -0.6730092167854309	 -0.17327986657619476
-0.03394855186343193	 0.00874112918972969	 0.8685828447341919	 0.09628026187419891	 0.4961199164390564	 0.45974645018577576	 0.05483277514576912
-0.014280382543802261	 0.012124147266149521	 0.942024827003479	 0.1166309043765068	 0.49717384576797485	 0.4603194296360016	 0.03381415829062462
-0.015087414532899857	 -0.04815807566046715	 0.7447234392166138	 0.3562123477458954	 -0.5932362079620361	 -0.627722442150116	 0.29380059242248535
0.05385391041636467	 -0.019633855670690536	 0.6831774115562439	 0.22925598919391632	 0.6622963547706604	 0.6482211947441101	 -0.27778494358062744
-0.0841028094291687	 -0.060761887580156326	 1.044877290725708	 0.45647764205932617	 0.46953102946281433	 0.5286775231361389	 0.3061697781085968
-0.014525491744279861	 -0.02985551580786705	 0.8218019008636475	 0.47848236560821533	 -0.5013233423233032	 -0.6625383496284485	 0.20443689823150635
-0.0011358298361301422	 -0.08808496594429016	 0.5895062685012817	 0.027876736596226692	 0.6267186403274536	 0.5235735177993774	 -0.2164735645055771
-0.01223139837384224	 -0.015127386897802353	 0.9234515428543091	 0.12388398498296738	 -0.6855945587158203	 -0.6431242227554321	 0.2731751799583435
0.04972456768155098	 -0.05098884925246239	 0.7936710119247437	 0.526581346988678	 0.4636983275413513	 0.7049571871757507	 0.03601868450641632
0.06814384460449219	 -0.03777274116873741	 0.6585270166397095	 0.1438150554895401	 0.6918240189552307	 0.6184578537940979	 -0.35345491766929626
0.04780368134379387	 -0.03134321793913841	 0.6979703903198242	 0.23386172950267792	 -0.6493498682975769	 -0.6630494594573975	 0.22571544349193573
-0.03798713907599449	 0.00326736643910408	 0.823184072971344	 0.09206970781087875	 0.45741984248161316	 0.42045649886131287	 0.14125610888004303
-0.05023827776312828	 -0.0011253617703914642	 0.9665645360946655	 0.42007195949554443	 0.5404624938964844	 0.6112096905708313	 0.30116286873817444
-0.02448168769478798	 0.08038643002510071	 0.711746871471405	 0.16202576458454132	 0.6547640562057495	 0.6604631543159485	 -0.09803935885429382
0.054356109350919724	 -0.048915233463048935	 0.6476185321807861	 0.13710756599903107	 0.69174724817276	 0.6130944490432739	 -0.3525862395763397
0.031211744993925095	 -0.007970776408910751	 0.8804976940155029	 0.03686648607254028	 0.7197825908660889	 0.6203576326370239	 0.35743486881256104
0.011729788035154343	 -0.012656178325414658	 0.7382718920707703	 0.29039266705513	 -0.6443573236465454	 -0.6095024943351746	 -0.35152629017829895
0.014358948916196823	 0.01886296644806862	 0.8305586576461792	 0.03931938856840134	 0.6964386105537415	 0.4773479700088501	 0.5231102108955383
0.029960136860609055	 -0.01551114022731781	 0.9409456253051758	 0.10052942484617233	 0.7088218331336975	 0.60153728723526	 0.38526061177253723
0.013040613383054733	 -0.013173148036003113	 0.7641034126281738	 0.2451963871717453	 0.6681481003761292	 0.5882506966590881	 0.4043923616409302
-0.06078966334462166	 0.04925072565674782	 0.9020169973373413	 0.0563129261136055	 0.698380172252655	 0.6861099600791931	 -0.08157037198543549
0.005148213356733322	 -0.039481546729803085	 0.710148811340332	 0.17863214015960693	 0.6791725754737854	 0.5563167929649353	 -0.44375333189964294
-0.03286588564515114	 -0.03454652801156044	 0.7631930112838745	 0.10717647522687912	 -0.6931634545326233	 -0.5763190984725952	 -0.39839765429496765
0.0038374774158000946	 0.011123571544885635	 0.857269823551178	 0.4835195541381836	 -0.5058799386024475	 -0.6594880223274231	 -0.22525109350681305
0.007210325449705124	 -0.01919287070631981	 0.7442737221717834	 0.41740527749061584	 -0.5562599897384644	 -0.6987597942352295	 -0.022009339183568954
-0.04242250695824623	 0.035075459629297256	 0.76959627866745	 0.04458838701248169	 0.7072184681892395	 0.6712626218795776	 -0.1918565332889557
-0.010029155761003494	 -0.0018584392964839935	 0.8630738258361816	 0.28375476598739624	 -0.6261574029922485	 -0.5726941227912903	 0.39715322852134705
-0.01767553761601448	 -0.06915318965911865	 0.9283950924873352	 0.37999415397644043	 -0.5555190443992615	 -0.6197811365127563	 0.275960236787796
-0.015075545758008957	 -0.09082674980163574	 0.9150627851486206	 0.08648227900266647	 -0.02791733480989933	 -0.07445058226585388	 0.07945720851421356
0.054789017885923386	 0.00862804427742958	 0.6970618367195129	 0.4908207058906555	 0.5108341574668884	 0.6643499732017517	 -0.2592083215713501
0.010204639285802841	 -0.03147849068045616	 0.7967458367347717	 0.045082271099090576	 -0.6987721920013428	 -0.6010500192642212	 0.35697826743125916
-0.01772143319249153	 -0.006554450839757919	 0.8183822631835938	 0.4334397315979004	 -0.557935357093811	 -0.7066851854324341	 0.018330898135900497
0.009314622730016708	 -0.023707877844572067	 0.7821398377418518	 0.31977805495262146	 -0.6162232756614685	 -0.6973704099655151	 -0.009860623627901077
0.0212380550801754	 -0.12841029465198517	 0.9638160467147827	 0.2980416417121887	 -0.24302130937576294	 -0.24093957245349884	 0.32658618688583374
0.03603529557585716	 -0.02969321236014366	 0.7699522972106934	 0.4519338607788086	 0.5470951795578003	 0.69083172082901	 -0.1869669109582901
-0.0019273795187473297	 -0.03477879986166954	 0.7369106411933899	 0.2549979090690613	 -0.6431005001068115	 -0.6807219982147217	 0.17443309724330902
0.010661762207746506	 0.008782792836427689	 0.9155656099319458	 0.10999921709299088	 0.5675224661827087	 0.39604032039642334	 0.5130168199539185
0.002502989023923874	 -0.0005375705659389496	 0.7242838144302368	 0.14388282597064972	 0.6960968971252441	 0.6915283203125	 -0.15028510987758636
0.04826485738158226	 -0.032872047275304794	 0.6878506541252136	 0.26214346289634705	 0.6492927074432373	 0.6485405564308167	 -0.2662288546562195
-0.0032963789999485016	 0.015059474855661392	 0.7820391058921814	 0.2954953610897064	 0.6481447219848633	 0.6589055061340332	 0.27197352051734924
0.023670818656682968	 -0.007766392081975937	 0.8415303230285645	 0.17170663177967072	 -0.6735832691192627	 -0.6406025886535645	 0.2840762734413147
0.05107717588543892	 -0.01628684625029564	 0.7239855527877808	 0.1097848042845726	 0.7109256982803345	 0.6585122346878052	 -0.2837633192539215
-0.025585774332284927	 0.020581413060426712	 0.8414026498794556	 0.3610696494579315	 0.5976860523223877	 0.6154354214668274	 0.3310674726963043
-0.05321558192372322	 0.07826285064220428	 0.9326215982437134	 0.05485048145055771	 0.6410366296768188	 0.6346310377120972	 -0.08040943741798401
-0.012803886085748672	 -0.020566638559103012	 0.7880301475524902	 0.21419303119182587	 -0.6585745215415955	 -0.6932253837585449	 -0.06236926093697548
0.00774572417140007	 -0.046492304652929306	 0.8511850237846375	 0.4154900312423706	 0.5774816274642944	 0.711555540561676	 -0.09065578877925873
0.06123838946223259	 -0.040789391845464706	 0.7067811489105225	 0.3024316430091858	 0.6290866136550903	 0.6564989686012268	 -0.2474440485239029
-0.01696835085749626	 -0.07957504689693451	 0.9877472519874573	 0.10132132470607758	 0.12897123396396637	 0.08536680787801743	 0.09003910422325134
0.009092789143323898	 -0.05370619520545006	 0.7870418429374695	 0.4918516278266907	 0.5105267763137817	 0.7131316661834717	 -0.06886598467826843
-0.0647272914648056	 -0.07706233859062195	 0.7427331805229187	 0.06470979750156403	 -0.6388755440711975	 -0.5260049104690552	 0.3108181059360504
-0.001928824931383133	 -0.028670158237218857	 0.8681290745735168	 0.07917949557304382	 -0.6901105642318726	 -0.6236165761947632	 0.30725404620170593
0.028863947838544846	 -0.12147796154022217	 0.6208926439285278	 0.05528869479894638	 -0.577920138835907	 -0.4947223663330078	 0.3169163167476654
-0.0006842203438282013	 -0.01593860611319542	 0.7958111763000488	 0.28664711117744446	 -0.6276480555534363	 -0.5583533644676208	 0.4220183789730072
-0.039181921631097794	 -0.09257940948009491	 1.0901551246643066	 0.09486731886863708	 0.07389896363019943	 0.026490433141589165	 0.14865531027317047
-0.03681451454758644	 -0.04250938817858696	 0.8041335940361023	 0.08690928667783737	 -0.699438750743866	 -0.6810115575790405	 -0.15427547693252563
